HX:
Cos:
-0.021 0.128 0.0439;    -0.331 0.277 0.11;    -0.169 0.218 0.101;    0.117 0.342 0.0617;    
Phi:
-0.0594 0.0657 0.0164;    0.125 0.272 0.0696;    0.254 0.134 0.0999;    -0.0122 0.24 0.0544;    
inv:
-0.187 0.208 0.0611;    0.0699 1.02 0.26;    0.842 0.855 0.359;    0.0889 0.805 0.181;    
CS:
Cos:
-0.26 0.708 0.249;    0.482 0.581 0.327;    0.628 0.362 0.123;    -0.0471 0.281 0.115;    
Phi:
-0.0341 0.0577 0.0212;    -0.00847 0.244 0.0669;    -0.124 0.253 0.0776;    -0.3 0.323 0.0813;    
inv:
-0.351 0.679 0.225;    0.463 1.03 0.342;    0.237 0.784 0.167;    -0.715 0.593 0.215;    
