21232012
21232013
21232014
21232015
21233002
21233003
21233005
21233006
21233008
21233009
21233010
21233012
21233013
21233014
21233021
21233022
21233023
21233024
21233025
21233026
21233027
21233028
21233029
21233030
21233031
21233032
21233033
21233034
21233035
21233036
21233037
21233038
21233039
21234001
21234002
21234003
21234004
21234005
21234006
21234007
21234009
21234010
21234011
21234015
21234016
21234017
21234018
21234019
21234020
21234021
21234022
21234023
21234025
21234026
21234028
21234029
21234030
21234031
21234032
21235001
21235003
21235005
21235006
21235007
21235008
21235009
21235011
21235013
21235014
21235015
21235016
21235017
21235020
21235021
21235022
21235023
21235024
21235025
21235026
21235027
21235028
21235029
21235030
21235033
21235034
21235035
21235036
21235037
21235038
21235039
21235040
21235041
21235042
21236002
21236003
21236004
21236005
21236006
21236007
21236008
21236010
21236011
21236012
21236013
21236014
21236017
21236018
21236019
21236020
21236021
21236022
21236023
21236024
21236025
21236026
21236027
21236028
21236029
21236030
21236031
21236032
21236033
21236034
21236035
21237001
21237004
21237005
21237006
21237007
21237008
21237009
21237010
21237011
21237012
21237013
21237014
21237021
21237022
21237023
21237032
21237033
21237034
21237035
21237036
21237037
21237038
21238004
21238005
21238006
21238007
21238008
21238009
21238010
21238013
21238014
21238015
21238017
21238019
21238020
21238021
21238024
21238025
21238026
21238027
21238028
21238029
21238030
21238031
21238032
21238033
21238037
21238043
21238045
21238046
21239001
21239002
21239003
21239004
21239010
21239011
21239012
21239013
21239014
21239015
21239016
21239017
21239018
21239019
21239022
21239023
21239024
21239025
21239026
21239027
21239028
21239029
21239030
21239031
21240001
21240002
21240003
21240004
21240005
21240006
21240009
21240010
21241005
21241006
21241007
21241008
21241009
21241010
21241011
21241012
21241013
21241014
21241015
21241016
21241017
21241018
21241021
21241022
21241024
21241025
21241026
21241027
21241028
21241029
21241030
21241031
21241032
21242001
21242007
21242008
21242009
21242011
21242012
21242014
21242015
21242016
21242017
21242018
21242019
21242020
21242021
21242022
21242023
21242024
21242025
