21068032
21068039
21069001
21069003
21069004
21069005
21069006
21069007
21069008
21069009
21069011
21069012
21069013
21069014
21069017
21069019
21069020
21069035
21069036
21069038
21069040
21069042
21069043
21070001
21070002
21070003
21070006
21070007
21070008
21070009
21070010
21070011
21070014
21070015
21070017
21070018
21070019
21070020
21070021
21070025
21070026
21070027
21070028
21070030
21070031
21070032
21070033
21070034
21070035
21071001
21071002
21071003
21071004
21071005
21071006
21071007
21071008
21071009
21071010
21071013
21071014
21071021
21071022
21071026
21071027
21071029
21072004
21072005
21072006
21072007
21072008
21072009
21072016
21072018
21072019
21072020
21072025
21072026
21072027
21072028
21073001
21073002
21073005
21073007
21073008
21073009
21073010
21073011
21073014
21073021
21073022
21073023
21073024
21073025
21073026
21073028
21073030
21073031
21073032
21073034
21073038
21073039
21073041
21073042
21073043
21073044
21073045
21073046
21073053
21073054
21073056
21073057
21074001
21074002
21074003
21074009
21074010
21074012
21074013
21074014
21074015
21074016
21074017
21074018
21074019
21074020
21074021
21074022
21074023
21074024
21074025
21074026
21074027
21074029
21074030
21074031
21074032
21074033
21075002
21075003
21075004
21075005
21075006
21075007
21075008
21075009
21075010
21075012
21075013
21075014
21075015
21075016
21075017
21075018
21075022
21075023
21075026
21075027
21075029
21075032
21075033
21075034
21075035
21075036
21075037
21075038
21075039
21075040
21075041
21076003
21076004
21076005
21076006
21076007
21076008
21076009
21076010
21076011
21076012
21076013
21076014
21076015
21076021
21076022
21076023
21076025
21076026
21076027
21076028
21076029
21076038
21076039
21076040
21077001
21077002
21077003
21077004
21077005
21077006
21077007
21077008
21077009
21077010
21077011
21077012
21077014
21077015
21077016
21077017
21077024
21077026
21077027
21077028
21077029
21077032
21077034
21078001
21078002
21078004
21078006
21078007
21078008
21078009
21078010
21078011
21078012
21078013
21078014
21078015
21078016
21078017
21078018
21078019
21078020
21078022
21078023
21078025
21078027
21078028
21078029
21078030
21078031
21078032
21078033
21078035
21078036
21078037
21078038
21078039
21078040
21078041
21078042
21078043
21078044
21078045
21078046
21079001
21079003
21079004
21079005
21079006
21079007
21079019
21079027
21079028
21079030
21079031
21079032
21079033
21079034
21079035
21079036
21079037
21079038
21079039
21079040
21079041
21079042
21080001
21080002
21080003
21080005
21080006
21080007
21080008
21080010
21080011
21080012
21080015
21080016
21080017
21080018
21080019
21080020
21080021
21080022
21080027
21169035
21169036
21169037
21169038
21169039
21170001
21170002
21170003
21170006
21170007
21170008
21170009
21170010
21170011
21170012
21170013
21170014
21170016
21170017
21170018
21170019
21170020
21170022
21170023
21170024
21170026
21170027
21170029
21170030
21170031
21170033
21170035
21170036
21171001
21171002
21171003
21171004
21171005
21171007
21171008
21171010
21171013
21171016
21171017
21171018
21171024
21171025
21171026
21171027
21171028
21171030
21171031
21171032
21171033
21171034
21171035
21171036
21171037
21171038
21171039
21171040
21171041
21172001
21172002
21172006
21172008
21172009
21172011
21172012
21172013
21172014
21172032
21172033
21172034
21172035
21172036
21172037
21173001
21173003
21173004
21173006
21173008
21173009
21173012
21173014
21173015
21173016
21173017
21173018
21173019
21173020
21173022
21173024
21173025
21173026
21173027
21173028
21173029
21173030
21173031
21173032
21174001
21174002
21174003
21174004
21174005
21174006
21174008
21174009
21174011
21174049
21174050
21174051
21174052
21175003
21175004
21175006
21175007
21175008
21175009
21175023
21175025
21175026
21175030
21175031
21175032
21175033
21175034
21176001
21176002
21176003
21176004
21176005
21176006
21176008
21176009
21176010
21176011
21176012
21176013
21176014
21176015
21176016
21176020
21176021
21176023
21176024
21176025
21176026
21176027
21176028
21176029
21177001
21177002
21177003
21177004
21177005
21177006
21177007
21177008
21177009
21177010
21177011
21177012
21177016
21177017
21177018
21177019
21177020
21177021
21177022
21177024
21177026
21177027
21177028
21177030
21177031
21177032
21178003
21178007
21178008
21178009
21178010
21178012
21178013
21178028
21178029
21178030
21178031
21179001
21179002
21179004
21179005
21179006
21179007
21179008
21179010
21179011
21179012
21179014
21179018
21179019
21179020
21179021
21179022
21179023
21179024
21179026
21179033
21179036
21179037
21179038
21179039
21179040
21180001
21180003
21180004
21180005
21180006
21180007
21180008
21180010
21180012
21180014
21180025
21180026
21180027
21180028
21180029
21180030
21180031
21180033
21181001
21181002
21181004
21181005
21181006
21181008
21181009
21181011
21181012
21181013
21181015
21181016
21181017
21181018
21181019
21181020
21181021
21181022
21181023
21181024
21181025
21181026
21181027
21181028
21181029
21181030
21181031
21181032
21181033
21181034
21181035
21182001
21182002
21182003
21182005
21182006
21182007
21182009
21182011
21182021
21182037
21182038
21182041
21182043
21182045
21182046
21182047
21182048
21182049
21182050
21182052
21183001
21183003
21183004
21183005
21183007
21183013
21183014
21183015
21183017
21183018
21183019
21183020
21183021
21183022
21183023
21183024
21183025
21184010
21184011
21184012
21184013
21184014
21184015
21184025
21184026
21184027
21184028
21184029
21184030
21184032
21184033
21184034
21185001
21185002
21185003
21185004
21185005
21185006
21185007
21185008
21185009
21185010
21185011
21185012
21185013
21185019
21185020
21185021
21185037
21185038
21186009
21186010
21186011
21186012
21186013
21186014
21186015
21186016
21186017
21186018
21186019
21186020
21186021
21186022
21186023
21186024
21186025
21186026
21186027
21186028
21187001
21187002
21187003
21187004
21187005
21187006
21187008
21187009
21187010
21187015
21187016
21187017
21187019
21187020
21187021
21187022
21187023
21187024
21187025
21187026
21187027
21187029
21187030
21187031
21187032
21188001
21188002
21188003
21188004
21188005
21188006
21188007
21188008
21188009
21188010
21188011
21188012
21188013
21188014
21188015
21188016
21188017
21188027
21188028
21188029
21188030
21188031
21188032
21189001
21189002
21189003
21189004
21189005
21189006
21189011
21189012
21189039
21189040
21189041
21190001
21190002
21190003
21190004
21190005
21190006
21190007
21190008
21190009
21190010
21190053
21190054
21190055
21190056
21191001
21191002
21191003
21191004
21191007
21191008
21191009
21191039
21192001
21192002
21192006
21192007
21192008
21192009
21192010
21192011
21192012
21192013
21192014
21192015
21192017
21192018
21192019
21192020
21192022
21192024
21192025
21192026
21193001
21193006
21193007
21193008
21193009
21193010
21193011
21193013
21193014
21193015
21193018
21193019
21193020
21193021
21193022
21193024
21193025
21193026
21193027
21193028
21193029
21193031
21193032
21193033
21194001
21194002
21194024
21194026
21194027
21194028
21194029
21194030
21194031
21194032
21194033
21194034
21194035
21194036
21195001
21195002
21195003
21195004
21195005
21195007
21195008
21195009
21195010
21195014
21195015
21195016
21195017
21195018
21195019
21195020
21195023
21195025
21195026
21195027
21195028
21195029
21195030
21195031
21195032
21195033
21195034
21195035
21196003
21196004
21196005
21196007
21196008
21196009
21196010
21196011
21196012
21196013
21196014
21197003
21197005
21197006
21197007
21197008
21197009
21197010
21197011
21197012
21197013
21198001
21198002
21198003
21198004
21198005
21198006
21198007
21198008
21198009
21198010
21198011
21198012
21198013
21198014
21198015
21198016
21198019
21198020
21198021
21198022
21198023
21198024
21198025
21198026
21198027
21198029
21198030
21198031
21199001
21199002
21199003
21199004
21199005
21199006
21199009
21199010
21199011
21199012
21199013
21199014
21199015
21199017
21199018
21199019
21199020
21199021
21199023
21199024
21199025
21199026
21199027
21199028
21199029
21199030
21200001
21200002
21200003
21200004
21200005
21200006
21200007
21200008
21200009
21200010
21200011
21200012
21200013
21200014
21200017
21200018
21200019
21200020
21203017
21203018
21203019
21204001
21204002
21204003
21204004
21204005
21204006
21204007
21204008
21204009
21204010
21204012
21204013
21205002
21205003
21205006
21205007
21205008
21205010
21205011
21205012
21205013
21205014
21205015
21205016
21205020
21205023
21205025
21205027
21205028
21205029
21205030
21205031
21205032
21206001
21206002
21206003
21206004
21206005
21206007
21206008
21206016
21206017
21206018
21206019
21206020
21206021
21206022
21206023
21206024
21206025
21206026
21206027
21206028
21206029
21206030
21207002
21207003
21207004
21207005
21207006
21207007
21207008
21208027
21208028
21208034
21208035
21208036
21208037
21208038
21208039
21208040
21208041
21208042
21208043
21209001
21209002
21209003
21209004
21209005
21209006
21209007
21209008
21209009
21209010
21209011
21209012
