21036025
21036028
21036032
21037025
21037030
21037031
21037047
21037052
21038020
21038021
21038029
21038031
21038033
21038035
21038039
21038042
21038046
21039025
21039029
21040007
21056032
21058027
21058028
21058029
21058030
21060015
21060016
21060021
21060026
21062015
21062020
21062021
21064004
21064024
21064041
21064047
21065026
21065042
21066027
21066028
21067020
21068024
21068027
21068030
21069005
21069006
21069014
21069017
21069035
21069038
21069040
21069042
21069043
21070011
21071002
21072016
21073007
21073008
21073032
21076004
21076029
21077024
21078001
21078002
21078006
21078020
21080027
21169035
21169036
21169037
21169038
21169039
21170018
21171007
21171031
21171032
21171033
21172032
21174049
21174050
21175009
21176020
21176024
21176029
21177019
21177020
21177021
21177022
21177032
21178013
21179001
21179018
21179020
21179026
21180008
21180025
21180027
21181024
21181025
21181026
21181033
21182037
21182038
21182041
21184025
21184026
21186026
21186027
21187032
21188017
21188027
21189039
21189040
21190053
21191008
21192018
21193009
21193027
21194002
21196004
21197005
21198002
21203001
21203002
21203003
21203017
21205002
21205020
21205023
21206002
21206005
21206007
21206008
21208027
21209009
21210009
21210046
21211004
21211009
21213004
21213005
21213006
21213013
21213014
21213016
21213017
21213018
21213019
21213020
21217001
21217010
21217020
21218001
21218002
21218003
21218004
21218005
21218006
21218007
21218013
21218014
21218015
21218016
21218017
21219007
21219008
21219009
21219010
21220015
21222026
21223030
21225035
21225040
21225041
21225042
21225045
21226003
21227007
21227008
21227021
21228020
21229006
21229041
21233002
21233010
21235015
21235033
21235035
21237014
21237021
21237022
21237023
21239010
21241015
21241016
21242028
21243007
21243008
21243033
21243038
21244023
21244024
21245003
21036018
21038020
21055032
21056032
21056033
21058020
21058029
21058030
21062015
21062020
21062021
21063029
21064004
21064024
21065026
21065042
21066002
21066027
21066028
21066031
21067017
21068024
21068027
21068030
21069006
21069012
21069035
21069036
21069038
21069040
21069042
21069043
21071002
21071003
21071026
21072016
21072018
21073007
21073008
21074030
21076004
21077024
21077029
21078002
21078004
21078023
21169035
21169036
21169037
21169038
21169039
21170018
21171031
21171032
21171033
21171034
21172032
21174049
21174050
21175009
21176020
21177019
21177020
21177021
21177022
21177032
21178013
21179001
21179018
21179026
21180008
21181024
21181025
21181033
21182021
21182037
21182038
21182041
21184026
21186013
21186014
21186026
21187008
21187009
21187010
21187015
21187016
21188027
21189039
21189040
21190053
21191009
21191039
21192018
21193009
21193027
21194002
21198008
21203017
21205002
21205003
21205006
21205010
21205011
21205012
21205020
21205023
21206002
21206003
21206004
21206005
21206007
21206008
21208027
21209005
21209006
21209007
21209009
21210009
21210012
21210046
21211004
21211006
21211009
21211012
21212031
21213004
21213005
21213006
21213013
21213014
21213016
21213017
21213018
21213019
21213020
21217001
21217003
21217004
21217005
21217006
21217007
21217008
21217010
21217017
21218001
21218002
21218003
21218004
21218005
21218006
21218007
21218013
21218014
21219007
21220015
21222026
21223030
21225035
21227021
21230029
21231002
21233002
21233008
21233013
21233021
21233022
21233023
21233024
21233025
21233026
21233028
21233031
21233032
21234015
21234016
21235015
21235033
21235035
21237021
21237022
21237023
21237032
21238006
21241005
21241015
21241016
21241021
21244010
21244011
21245009
21245009