21030033
21036017
21036018
21036022
21036025
21036028
21038005
21038006
21038007
21038020
21038029
21038032
21038037
21038039
21038043
21038048
21038050
21039005
21039012
21039016
21039025
21039029
21039042
21039048
21040034
21056008
21058020
21058028
21058029
21058030
21060026
21062015
21062020
21062021
21064047
21066031
21069006
21069038
21069040
21069042
21071003
21072016
21073008
21073023
21077003
21077024
21078001
21169035
21169036
21170018
21171031
21171032
21171033
21172032
21174049
21174050
21175009
21176020
21176021
21177019
21177020
21177021
21177022
21177024
21177032
21178007
21178013
21178028
21179001
21179018
21179026
21180008
21181011
21186026
21192018
21193009
21193027
21194002
21196004
21198008
21203017
21205002
21205020
21205023
21206016
21211004
21211009
21213020
21218007
21218013
21220009
21220024
21223040
21228020
21235015
21235035
21237013
21243040
21245003
21245004
